0000000000000000000000000110000
0000000000000000000000000111000
0000000000000000000000001111000
0000000000000000000000011111100
0000000000000000000000111121100
0000000000000000000001112222110
0000000000000000000001122222111
0000000000000000000001122222211
0000000000000000000001122222211
0000000000000000000001122222111
0000000000000000000001122222110
0000000000000000000001122222110
0000000000000000011221122221110
0000000000000001111121122221100
0000000000000111121111222221100
0000000001111111222111222221100
0000000111111222222222222222110
0000001112222222222222222222110
0000011122222222222222222222110
0000111222222222222222222222211
0001112222222222222222222222211
0001122222222222222222222222211
0011122222222222222222222222211
0011222222222222222222222222211
0111222222222222222222222222211
1112222222222222222222222222111
1122222222222222222222222222110
1122222222222222222222222222110
1112222222222222222222222222110
1111122222222222222222222222110
0011112222222222222222222211100
0000112222222222222222222111000
0001112222222222222222222111000
0111122222222222222222222211000
1112222222222222222222222211000
1122222222222222222222222211000
1112222222222222222222222211000
1111122222222222222222222211000
0011112222222222222222222211000
0000111222222222222222222211000
0000011222222222222222222211000
0000011222222222222222222110000
0000001222222222222222222110000
0000011222222222222222222110000
0000011222222222222222222110000
0000011222222222222222221110000
0000011222222222222222221100000
0000111222222222222222221100000
0001112222222222222222211000000
0001122222222222222221111000000
0001122222222222222211110000000
0001111222222222221111000000000
0000111122222222211100000000000
0000001112222222111000000000000
0000000111222221110000000000000
0000000011122211100000000000000
0000000001111111000000000000000
0000000000011111000000000000000
